ID,SquatHZ1,SquatHZ2,SquatHZ3,SquatHΑ1,SquatHΑ2,SquatHΑ3,SquatHΒ1,SquatHΒ2,SquatHΒ3,SquatHC1,SquatHC2,SquatHC3,SquatHD1,SquatHD2,SquatHD3,SquatHE1,SquatHE2,SquatHE3,SquatHF1,SquatHF2,SquatHF3,SquatHG1,SquatHG2,SquatHG3,SquatHH1,SquatHH2,SquatHH3,SquatHI1,SquatHI2,SquatHI3,SquatHJ1,SquatHJ2,SquatHJ3,Group
1,30.411,34.967,35.757,31.396,30.656,36.289,32.65,34.967,29.925,29.442,37.094,34.967,34.445,29.683,34.706,31.645,30.168,35.493,31.149,34.706,35.23,32.903,34.186,34.706,35.493,35.493,36.825,33.413,37.094,37.364,29.202,37.636,40.684,H
2,24.832,28.489,29.683,28.018,33.158,32.903,33.67,35.23,34.186,26.858,30.902,29.202,23.74,30.411,26.858,31.895,34.186,30.411,33.927,37.364,34.706,33.413,32.145,31.396,34.186,35.23,33.927,36.556,33.158,33.413,31.149,32.903,33.158,H
3,28.964,30.411,29.683,27.784,27.088,24.611,26.858,26.401,25.275,25.275,26.174,27.088,25.947,26.401,30.656,27.319,28.018,28.018,25.053,24.611,25.722,23.525,25.053,23.311,22.045,22.463,20.613,22.463,23.311,23.957,24.611,23.957,25.722,L
4,31.645,34.706,36.023,36.289,36.023,36.289,30.168,34.186,34.706,28.253,32.397,30.656,28.964,33.413,34.967,31.149,31.396,35.493,35.493,37.364,37.094,31.895,28.018,31.645,34.706,36.556,34.186,34.706,33.67,38.455,31.895,34.967,34.186,H
5,18.651,23.525,23.097,21.221,21.426,25.947,21.221,23.525,25.053,21.017,25.053,27.319,24.392,24.832,25.275,25.275,23.957,28.726,21.838,28.726,28.253,28.018,28.018,27.319,23.957,24.832,26.629,24.832,23.097,26.174,22.885,24.174,23.311,L
6,32.65,35.757,35.493,35.23,37.094,38.73,34.445,33.413,34.186,31.895,32.145,33.158,36.023,31.645,35.23,31.895,33.927,34.967,34.706,34.967,34.967,31.645,31.895,31.895,34.445,32.903,32.903,32.65,35.23,33.413,38.73,38.73,38.455,L
7,33.927,34.186,33.67,34.967,36.289,37.636,30.656,32.903,33.67,25.275,27.784,27.088,19.817,17.707,20.413,18.651,18.271,20.413,31.149,32.397,31.895,30.411,29.442,31.396,28.726,28.253,31.396,32.65,32.145,29.683,29.683,29.683,31.396,H
8,40.121,40.684,41.822,46.531,44.44,47.747,39.284,42.109,44.736,45.032,44.145,45.032,40.402,42.686,45.928,44.736,43.851,45.33,43.998,44.292,45.629,40.543,41.393,43.121,39.423,40.684,41.822,43.851,44.588,42.541,44.145,44.736,44.736,L
9,33.158,32.65,33.541,33.67,35.098,35.757,32.903,33.285,30.656,31.521,32.271,31.521,33.927,33.67,31.895,35.757,36.825,36.023,34.186,36.556,35.757,28.489,28.018,27.784,27.551,26.401,28.371,29.683,29.322,29.202,29.442,28.371,30.411,L
10,28.726,24.832,27.784,26.515,31.272,32.271,25.164,24.942,25.947,24.392,24.721,24.392,27.667,27.203,27.667,27.901,29.322,28.964,27.435,26.174,24.611,22.358,23.525,22.779,26.973,25.275,23.957,23.74,24.721,26.287,25.835,25.835,26.174,H
